61570907117890
61571043309068
61570982446372
61571237613395
61569731955655
61570883026049
61571063018166
61571126944867
61571013670841
61571409320654
61571113210016
61571305255719
61570885245817
61571138044551
61571294576446
61570913924279
61570552839748
61571217966247
61571523890540
61570979425770
61571089613204
61571397746930
61571068633394
61570912199616
61571102286232
61570375607377
61569846821024
61571029675110
61570412537323
61570482464495
61569859124245
61570899870158
61570382086304
61569815261239
61570554040448
61570515671716
61571053844522
61570376296990
61571029375180
61570598107223
61570437076915
61570554940436
61571450993256
61571305651508
61571053093481
61571477302903
61571144889569
61571137629856
61571400566711
61571425105484
61571090831867
61571219615739
61571058134026
61571499081699
61570431765245
61571154188102
61571027085711
61571173538165
61570836843258
61569731955655